10
0 5 0 9 0 0 0 0 0 14
5 0 7 0 0 0 0 0 0 0
0 7 0 8 0 0 0 0 0 0
9 0 8 0 10 0 0 0 15 0
0 0 0 10 0 6 0 0 0 0
0 0 0 0 6 0 12 0 0 0
0 0 0 0 0 12 0 3 0 0
0 0 0 0 0 0 3 0 4 0
0 0 0 15 0 0 0 4 0 2
14 0 0 0 0 0 0 0 2 0
0 40 0 0 0 0 0 0 0 0
40 0 30 0 0 0 0 0 0 0
0 30 0 60 0 0 0 0 0 0
0 0 60 0 20 0 0 0 0 0
0 0 0 20 0 70 0 0 0 0
0 0 0 0 70 0 10 0 0 0
0 0 0 0 0 10 0 50 0 0
0 0 0 0 0 0 50 0 80 0
0 0 0 0 0 0 0 80 0 90
0 0 0 0 0 0 0 0 90 0
100 200
200 300
300 400
400 500
500 600
600 700
700 800
800 900
900 1000
1000 1100
550 650
